1801.12 0.02803 35.2587 33.893 4.928
1801.12 0.02805 37.5588 36.5412 5.05423
1801.12 0.02832 47.947 50.3354 5.121
1801.12 0.02606 40.6773 44.252 7.63676
1801.12 0.026 30.7673 37.3173 7.804
1801.12 0.02509 36.3983 33.5578 8.62885
1801.12 0.02521 20.6602 19.363 9.2115
1801.12 0.02461 20.512 22.52 10.7297
1801.12 0.02416 21.3402 18.5886 10.7854
1801.12 0.02362 37.5735 38.526 11.4363
1801.12 0.02333 42.3826 42.6158 11.5067
1801.12 0.02136 44.679 35.678 12.4555
1801.12 0.02155 54.9017 54.0623 12.5923
1801.12 0.02339 17.829 15.969 13.016
1801.12 0.01845 48.208 43.762 13.146
1801.12 0.02171 22.303 7.73433 14.5772
1801.12 0.01823 53.7077 38.2805 16.0325
1801.12 0.02093 21.3297 14.4187 16.8897
1801.12 0.01734 57.4862 51.2989 17.5407
1801.12 0.02144 8.8648 22.4514 17.5492
1801.12 0.02082 25.5783 32.3036 17.9159
1801.12 0.01962 48.3941 53.4736 18.3714
1801.12 0.01948 34.5286 31.4471 18.4154
1801.12 0.01842 38.4981 34.7041 19.0949
1801.12 0.02048 14.4689 33.563 20.2212
1801.12 0.02017 22.485 41.4388 20.2227
1819.37 0.02927 35.2587 33.893 4.928
1819.37 0.02923 37.5588 36.5412 5.05423
1819.37 0.02957 47.947 50.3354 5.121
1819.37 0.02715 40.6773 44.252 7.63676
1819.37 0.0272 30.7673 37.3173 7.804
1819.37 0.02617 36.3983 33.5578 8.62885
1819.37 0.0263 20.6602 19.363 9.2115
1819.37 0.02564 20.512 22.52 10.7297
1819.37 0.02518 21.3402 18.5886 10.7854
1819.37 0.02462 37.5735 38.526 11.4363
1819.37 0.02433 42.3826 42.6158 11.5067
1819.37 0.0223 44.679 35.678 12.4555
1819.37 0.02244 54.9017 54.0623 12.5923
1819.37 0.02433 17.829 15.969 13.016
1819.37 0.0194 48.208 43.762 13.146
1819.37 0.02262 22.303 7.73433 14.5772
1819.37 0.01909 53.7077 38.2805 16.0325
1819.37 0.02184 21.3297 14.4187 16.8897
1819.37 0.01803 57.4862 51.2989 17.5407
1819.37 0.02239 8.8648 22.4514 17.5492
1819.37 0.02171 25.5783 32.3036 17.9159
1819.37 0.02046 48.3941 53.4736 18.3714
1819.37 0.02033 34.5286 31.4471 18.4154
1819.37 0.0192 38.4981 34.7041 19.0949
1819.37 0.02136 14.4689 33.563 20.2212
1819.37 0.02102 22.485 41.4388 20.2227
1855.85 0.02977 35.2587 33.893 4.928
1855.85 0.02976 37.5588 36.5412 5.05423
1855.85 0.0301 47.947 50.3354 5.121
1855.85 0.02766 40.6773 44.252 7.63676
1855.85 0.02769 30.7673 37.3173 7.804
1855.85 0.02668 36.3983 33.5578 8.62885
1855.85 0.02678 20.6602 19.363 9.2115
1855.85 0.02611 20.512 22.52 10.7297
1855.85 0.02562 21.3402 18.5886 10.7854
1855.85 0.02505 37.5735 38.526 11.4363
1855.85 0.02478 42.3826 42.6158 11.5067
1855.85 0.02267 44.679 35.678 12.4555
1855.85 0.02286 54.9017 54.0623 12.5923
1855.85 0.02477 17.829 15.969 13.016
1855.85 0.02001 48.208 43.762 13.146
1855.85 0.02302 22.303 7.73433 14.5772
1855.85 0.01942 53.7077 38.2805 16.0325
1855.85 0.02226 21.3297 14.4187 16.8897
1855.85 0.01833 57.4862 51.2989 17.5407
1855.85 0.02277 8.8648 22.4514 17.5492
1855.85 0.02215 25.5783 32.3036 17.9159
1855.85 0.02085 48.3941 53.4736 18.3714
1855.85 0.02067 34.5286 31.4471 18.4154
1855.85 0.0195 38.4981 34.7041 19.0949
1855.85 0.02175 14.4689 33.563 20.2212
1855.85 0.02139 22.485 41.4388 20.2227
1874.08 0.02997 35.2587 33.893 4.928
1874.08 0.02994 37.5588 36.5412 5.05423
1874.08 0.03024 47.947 50.3354 5.121
1874.08 0.02783 40.6773 44.252 7.63676
1874.08 0.02785 30.7673 37.3173 7.804
1874.08 0.0268 36.3983 33.5578 8.62885
1874.08 0.02693 20.6602 19.363 9.2115
1874.08 0.02622 20.512 22.52 10.7297
1874.08 0.02577 21.3402 18.5886 10.7854
1874.08 0.02521 37.5735 38.526 11.4363
1874.08 0.02491 42.3826 42.6158 11.5067
1874.08 0.02283 44.679 35.678 12.4555
1874.08 0.02297 54.9017 54.0623 12.5923
1874.08 0.02494 17.829 15.969 13.016
1874.08 0.02019 48.208 43.762 13.146
1874.08 0.02316 22.303 7.73433 14.5772
1874.08 0.01955 53.7077 38.2805 16.0325
1874.08 0.0223 21.3297 14.4187 16.8897
1874.08 0.01842 57.4862 51.2989 17.5407
1874.08 0.02297 8.8648 22.4514 17.5492
1874.08 0.02225 25.5783 32.3036 17.9159
1874.08 0.02097 48.3941 53.4736 18.3714
1874.08 0.02081 34.5286 31.4471 18.4154
1874.08 0.01964 38.4981 34.7041 19.0949
1874.08 0.02189 14.4689 33.563 20.2212
1874.08 0.02153 22.485 41.4388 20.2227
1892.3 0.03017 35.2587 33.893 4.928
1892.3 0.03012 37.5588 36.5412 5.05423
1892.3 0.03043 47.947 50.3354 5.121
1892.3 0.02802 40.6773 44.252 7.63676
1892.3 0.02792 30.7673 37.3173 7.804
1892.3 0.02698 36.3983 33.5578 8.62885
1892.3 0.02712 20.6602 19.363 9.2115
1892.3 0.02642 20.512 22.52 10.7297
1892.3 0.02593 21.3402 18.5886 10.7854
1892.3 0.02536 37.5735 38.526 11.4363
1892.3 0.02508 42.3826 42.6158 11.5067
1892.3 0.02297 44.679 35.678 12.4555
1892.3 0.02311 54.9017 54.0623 12.5923
1892.3 0.02507 17.829 15.969 13.016
1892.3 0.0203 48.208 43.762 13.146
1892.3 0.0233 22.303 7.73433 14.5772
1892.3 0.01967 53.7077 38.2805 16.0325
1892.3 0.02252 21.3297 14.4187 16.8897
1892.3 0.01853 57.4862 51.2989 17.5407
1892.3 0.02311 8.8648 22.4514 17.5492
1892.3 0.02238 25.5783 32.3036 17.9159
1892.3 0.02113 48.3941 53.4736 18.3714
1892.3 0.02093 34.5286 31.4471 18.4154
1892.3 0.01975 38.4981 34.7041 19.0949
1892.3 0.02202 14.4689 33.563 20.2212
1892.3 0.02167 22.485 41.4388 20.2227
1910.5 0.03029 35.2587 33.893 4.928
1910.5 0.03031 37.5588 36.5412 5.05423
1910.5 0.03064 47.947 50.3354 5.121
1910.5 0.0282 40.6773 44.252 7.63676
1910.5 0.0281 30.7673 37.3173 7.804
1910.5 0.0272 36.3983 33.5578 8.62885
1910.5 0.02731 20.6602 19.363 9.2115
1910.5 0.02659 20.512 22.52 10.7297
1910.5 0.0261 21.3402 18.5886 10.7854
1910.5 0.02554 37.5735 38.526 11.4363
1910.5 0.02524 42.3826 42.6158 11.5067
1910.5 0.02313 44.679 35.678 12.4555
1910.5 0.0233 54.9017 54.0623 12.5923
1910.5 0.02525 17.829 15.969 13.016
1910.5 0.02033 48.208 43.762 13.146
1910.5 0.02345 22.303 7.73433 14.5772
1910.5 0.01979 53.7077 38.2805 16.0325
1910.5 0.02257 21.3297 14.4187 16.8897
1910.5 0.01865 57.4862 51.2989 17.5407
1910.5 0.02321 8.8648 22.4514 17.5492
1910.5 0.02256 25.5783 32.3036 17.9159
1910.5 0.02125 48.3941 53.4736 18.3714
1910.5 0.02108 34.5286 31.4471 18.4154
1910.5 0.01986 38.4981 34.7041 19.0949
1910.5 0.02216 14.4689 33.563 20.2212
1910.5 0.0218 22.485 41.4388 20.2227
1928.7 0.02986 35.2587 33.893 4.928
1928.7 0.02985 37.5588 36.5412 5.05423
1928.7 0.03015 47.947 50.3354 5.121
1928.7 0.02773 40.6773 44.252 7.63676
1928.7 0.02768 30.7673 37.3173 7.804
1928.7 0.02677 36.3983 33.5578 8.62885
1928.7 0.02687 20.6602 19.363 9.2115
1928.7 0.02619 20.512 22.52 10.7297
1928.7 0.02569 21.3402 18.5886 10.7854
1928.7 0.02514 37.5735 38.526 11.4363
1928.7 0.02485 42.3826 42.6158 11.5067
1928.7 0.02275 44.679 35.678 12.4555
1928.7 0.02289 54.9017 54.0623 12.5923
1928.7 0.02484 17.829 15.969 13.016
1928.7 0.02008 48.208 43.762 13.146
1928.7 0.02308 22.303 7.73433 14.5772
1928.7 0.01953 53.7077 38.2805 16.0325
1928.7 0.02229 21.3297 14.4187 16.8897
1928.7 0.01834 57.4862 51.2989 17.5407
1928.7 0.02288 8.8648 22.4514 17.5492
1928.7 0.02217 25.5783 32.3036 17.9159
1928.7 0.02092 48.3941 53.4736 18.3714
1928.7 0.02076 34.5286 31.4471 18.4154
1928.7 0.01955 38.4981 34.7041 19.0949
1928.7 0.02182 14.4689 33.563 20.2212
1928.7 0.02147 22.485 41.4388 20.2227
1946.88 0.02994 35.2587 33.893 4.928
1946.88 0.02991 37.5588 36.5412 5.05423
1946.88 0.03023 47.947 50.3354 5.121
1946.88 0.0278 40.6773 44.252 7.63676
1946.88 0.02784 30.7673 37.3173 7.804
1946.88 0.02684 36.3983 33.5578 8.62885
1946.88 0.02693 20.6602 19.363 9.2115
1946.88 0.02623 20.512 22.52 10.7297
1946.88 0.02575 21.3402 18.5886 10.7854
1946.88 0.02518 37.5735 38.526 11.4363
1946.88 0.0249 42.3826 42.6158 11.5067
1946.88 0.02282 44.679 35.678 12.4555
1946.88 0.02296 54.9017 54.0623 12.5923
1946.88 0.02489 17.829 15.969 13.016
1946.88 0.01997 48.208 43.762 13.146
1946.88 0.02315 22.303 7.73433 14.5772
1946.88 0.01952 53.7077 38.2805 16.0325
1946.88 0.02239 21.3297 14.4187 16.8897
1946.88 0.01839 57.4862 51.2989 17.5407
1946.88 0.02294 8.8648 22.4514 17.5492
1946.88 0.02224 25.5783 32.3036 17.9159
1946.88 0.02099 48.3941 53.4736 18.3714
1946.88 0.02083 34.5286 31.4471 18.4154
1946.88 0.0196 38.4981 34.7041 19.0949
1946.88 0.0219 14.4689 33.563 20.2212
1946.88 0.02152 22.485 41.4388 20.2227
1965.06 0.03008 35.2587 33.893 4.928
1965.06 0.03007 37.5588 36.5412 5.05423
1965.06 0.03039 47.947 50.3354 5.121
1965.06 0.02795 40.6773 44.252 7.63676
1965.06 0.02789 30.7673 37.3173 7.804
1965.06 0.02698 36.3983 33.5578 8.62885
1965.06 0.02708 20.6602 19.363 9.2115
1965.06 0.02636 20.512 22.52 10.7297
1965.06 0.02588 21.3402 18.5886 10.7854
1965.06 0.02533 37.5735 38.526 11.4363
1965.06 0.02504 42.3826 42.6158 11.5067
1965.06 0.02297 44.679 35.678 12.4555
1965.06 0.02309 54.9017 54.0623 12.5923
1965.06 0.02508 17.829 15.969 13.016
1965.06 0.02024 48.208 43.762 13.146
1965.06 0.02327 22.303 7.73433 14.5772
1965.06 0.01969 53.7077 38.2805 16.0325
1965.06 0.02242 21.3297 14.4187 16.8897
1965.06 0.01849 57.4862 51.2989 17.5407
1965.06 0.02307 8.8648 22.4514 17.5492
1965.06 0.02237 25.5783 32.3036 17.9159
1965.06 0.02109 48.3941 53.4736 18.3714
1965.06 0.02092 34.5286 31.4471 18.4154
1965.06 0.01969 38.4981 34.7041 19.0949
1965.06 0.02199 14.4689 33.563 20.2212
1965.06 0.02165 22.485 41.4388 20.2227
1983.23 0.03003 35.2587 33.893 4.928
1983.23 0.03 37.5588 36.5412 5.05423
1983.23 0.03031 47.947 50.3354 5.121
1983.23 0.02789 40.6773 44.252 7.63676
1983.23 0.02791 30.7673 37.3173 7.804
1983.23 0.02693 36.3983 33.5578 8.62885
1983.23 0.02702 20.6602 19.363 9.2115
1983.23 0.02632 20.512 22.52 10.7297
1983.23 0.02583 21.3402 18.5886 10.7854
1983.23 0.02526 37.5735 38.526 11.4363
1983.23 0.02497 42.3826 42.6158 11.5067
1983.23 0.02292 44.679 35.678 12.4555
1983.23 0.02301 54.9017 54.0623 12.5923
1983.23 0.02502 17.829 15.969 13.016
1983.23 0.02022 48.208 43.762 13.146
1983.23 0.02321 22.303 7.73433 14.5772
1983.23 0.01963 53.7077 38.2805 16.0325
1983.23 0.02242 21.3297 14.4187 16.8897
1983.23 0.01845 57.4862 51.2989 17.5407
1983.23 0.02296 8.8648 22.4514 17.5492
1983.23 0.02235 25.5783 32.3036 17.9159
1983.23 0.02105 48.3941 53.4736 18.3714
1983.23 0.02089 34.5286 31.4471 18.4154
1983.23 0.01964 38.4981 34.7041 19.0949
1983.23 0.02196 14.4689 33.563 20.2212
1983.23 0.02159 22.485 41.4388 20.2227
2001.38 0.03001 35.2587 33.893 4.928
2001.38 0.02995 37.5588 36.5412 5.05423
2001.38 0.03024 47.947 50.3354 5.121
2001.38 0.02781 40.6773 44.252 7.63676
2001.38 0.02784 30.7673 37.3173 7.804
2001.38 0.02686 36.3983 33.5578 8.62885
2001.38 0.02697 20.6602 19.363 9.2115
2001.38 0.02627 20.512 22.52 10.7297
2001.38 0.02577 21.3402 18.5886 10.7854
2001.38 0.02518 37.5735 38.526 11.4363
2001.38 0.02491 42.3826 42.6158 11.5067
2001.38 0.02287 44.679 35.678 12.4555
2001.38 0.02293 54.9017 54.0623 12.5923
2001.38 0.02493 17.829 15.969 13.016
2001.38 0.01987 48.208 43.762 13.146
2001.38 0.02318 22.303 7.73433 14.5772
2001.38 0.01951 53.7077 38.2805 16.0325
2001.38 0.0224 21.3297 14.4187 16.8897
2001.38 0.01843 57.4862 51.2989 17.5407
2001.38 0.02298 8.8648 22.4514 17.5492
2001.38 0.02237 25.5783 32.3036 17.9159
2001.38 0.02108 48.3941 53.4736 18.3714
2001.38 0.02088 34.5286 31.4471 18.4154
2001.38 0.01962 38.4981 34.7041 19.0949
2001.38 0.02196 14.4689 33.563 20.2212
2001.38 0.0216 22.485 41.4388 20.2227
